9.180246654211472734e-03 3.897801129426936677e+04
9.263272039044860573e-03 3.877454470768221654e+04
9.347048298531879934e-03 3.857263705213391222e+04
9.431582223520251773e-03 3.837224876815632160e+04
9.516880666273560760e-03 3.817333580365700618e+04
9.602950541026687714e-03 3.797584941164826159e+04
9.689798824546277944e-03 3.777973594084133947e+04
9.777432556696273244e-03 3.758493661888028873e+04
9.865858841008557853e-03 3.739138732798262208e+04
9.955084845258763485e-03 3.719901837274753780e+04
1.004511780204729067e-02 3.700775476356937725e+04
1.013596500938556896e-02 3.681752717790692986e+04
1.022763383128763928e-02 3.662827222540278308e+04
1.032013169836706878e-02 3.643992174172542582e+04
1.041346610843927462e-02 3.625240210106316954e+04
1.050764462712928948e-02 3.606563398433692782e+04
1.060267488848503151e-02 3.587953213941906142e+04
1.069856459559610611e-02 3.569400513310849055e+04
1.079532152121822318e-02 3.550895509460409085e+04
1.089295350840324347e-02 3.532427745021147712e+04
1.099146847113493392e-02 3.513986064900981000e+04
1.109087439497047529e-02 3.495558587919751153e+04
1.119117933768775525e-02 3.477132677482731378e+04
1.129239142993853674e-02 3.458694911263266113e+04
1.139451887590751770e-02 3.440231049863820226e+04
1.149756995397735633e-02 3.421726004423905397e+04
1.160155301739971417e-02 3.403163803142271354e+04
1.170647649497236556e-02 3.384527556679944973e+04
1.181234889172242536e-02 3.365799422409595718e+04
1.191917878959576627e-02 3.346960567475768767e+04
1.202697484815266372e-02 3.327991182395024953e+04
1.213574580526973271e-02 3.308880378461791406e+04
1.224550047784821530e-02 3.289638747388753836e+04
1.235624776252867291e-02 3.270280441845953465e+04
1.246799663641214376e-02 3.250820420111581188e+04
1.258075615778781603e-02 3.231274476592613792e+04
1.269453546686729120e-02 3.211659273342715824e+04
1.280934378652548097e-02 3.191992372607668585e+04
1.292519042304821064e-02 3.172292270429550626e+04
1.304208476688657574e-02 3.152578431341765463e+04
1.316003629341812829e-02 3.132871324187963546e+04
1.327905456371494472e-02 3.113192459098855034e+04
1.339914922531863957e-02 3.093564425661919813e+04
1.352033001302239100e-02 3.074010932320016218e+04
1.364260674966003006e-02 3.054556847035965620e+04
1.376598934690228052e-02 3.035228239261241470e+04
1.389048780606018905e-02 3.016052423248003834e+04
1.401611221889582579e-02 2.997057998807072363e+04
1.414287276844031042e-02 2.978266485929837290e+04
1.427077972981925444e-02 2.959673805464337056e+04
1.439984347108563996e-02 2.941270175590132931e+04
1.453007445406026034e-02 2.923045015130219690e+04
1.466148323517974146e-02 2.904986909702870980e+04
1.479408046635224266e-02 2.887083576708573310e+04
1.492787689582089107e-02 2.869321829115633591e+04
1.506288336903502736e-02 2.851687538006977775e+04
1.519911082952933069e-02 2.834165593849533252e+04
1.533657031981089901e-02 2.816739866446456654e+04
1.547527298225434035e-02 2.799393163531268510e+04
1.561523006000496532e-02 2.782107187961784803e+04
1.575645289789015871e-02 2.764862493470446861e+04
1.589895294333897383e-02 2.747638438926398521e+04
1.604274174731006031e-02 2.730413190889585167e+04
1.618783096522797421e-02 2.713174545281225073e+04
1.633423235792795178e-02 2.695934351106098984e+04
1.648195779260925101e-02 2.678708456176591062e+04
1.663101924379708704e-02 2.661513497313528569e+04
1.678142879431327936e-02 2.644366929000716482e+04
1.693319863625568356e-02 2.627287052957562264e+04
1.708634107198646682e-02 2.610293048657392137e+04
1.724086851512933796e-02 2.593405004819884925e+04
1.739679349157578075e-02 2.576643951906850634e+04
1.755412864050039448e-02 2.560031895651434752e+04
1.771288671538542164e-02 2.543591851651717661e+04
1.787308058505453559e-02 2.527347881060551663e+04
1.803472323471599220e-02 2.511325123530557175e+04
1.819782776701513519e-02 2.495540272257558900e+04
1.836240740309659503e-02 2.479980122406323790e+04
1.852847548367590400e-02 2.464624383059250249e+04
1.869604547012092624e-02 2.449451380237706690e+04
1.886513094554300579e-02 2.434438000861693581e+04
1.903574561589801636e-02 2.419559634816628386e+04
1.920790331109734420e-02 2.404790115068641535e+04
1.938161798612895309e-02 2.390101655768058845e+04
1.955690372218854556e-02 2.375464788278980632e+04
1.973377472782098310e-02 2.360848295070997119e+04
1.991224534007202812e-02 2.346219141407251664e+04
2.009233002565048026e-02 2.331542914756118626e+04
2.027404338210084950e-02 2.316806678299802661e+04
2.045740013898662835e-02 2.302029684810997060e+04
2.064241515908423960e-02 2.287234683930684332e+04
2.082910343958782259e-02 2.272445638001944099e+04
2.101748011332489272e-02 2.257687767401796009e+04
2.120756044998298867e-02 2.242987597347311385e+04
2.139935985734742890e-02 2.228373006220728712e+04
2.159289388255026740e-02 2.213873275459571232e+04
2.178817821333050783e-02 2.199519141059144386e+04
2.198522867930577038e-02 2.185342846736142747e+04
2.218406125325540421e-02 2.171374540879157212e+04
2.238469205241525387e-02 2.157616495196833785e+04
2.258713733978408994e-02 2.144056753246596418e+04
2.279141352544189481e-02 2.130682365354501962e+04
2.299753716788004165e-02 2.117479432678067678e+04
2.320552497534352290e-02 2.104433068058056961e+04
2.341539380718529045e-02 2.091527355537986296e+04
2.362716067523289859e-02 2.078745308509976167e+04
2.384084274516743221e-02 2.066068826444308070e+04
2.405645733791497709e-02 2.053478669238215298e+04
2.427402193105061834e-02 2.040960116574343192e+04
2.449355416021518211e-02 2.028511373384289254e+04
2.471507182054475185e-02 2.016132479816810519e+04
2.493859286811313941e-02 2.003823358410397486e+04
2.516413542138739440e-02 1.991583807950317714e+04
2.539171776269645922e-02 1.979413497097439540e+04
2.562135833971314683e-02 1.967311957781427191e+04
2.585307576694947582e-02 1.955278578350698081e+04
2.608688882726556413e-02 1.943312596471266806e+04
2.632281647339214381e-02 1.931413091766392972e+04
2.656087782946686682e-02 1.919578978188694600e+04
2.680109219258448860e-02 1.907808996116128765e+04
2.704347903436107869e-02 1.896101704195467755e+04
2.728805800251237965e-02 1.884455958629320958e+04
2.753484892244643586e-02 1.872872185016393632e+04
2.778387179887062755e-02 1.861351112111513794e+04
2.803514681741323816e-02 1.849893399705086995e+04
2.828869434625969417e-02 1.838499634474318373e+04
2.854453493780358467e-02 1.827170325673954358e+04
2.880268933031263773e-02 1.815905900661215128e+04
2.906317844960974034e-02 1.804706700249483401e+04
2.932602341076917529e-02 1.793572973885108149e+04
2.959124551982820345e-02 1.782504874641523202e+04
2.985886627551409891e-02 1.771502454024712279e+04
3.012890737098683838e-02 1.760565664314226524e+04
3.040139069559752438e-02 1.749694794929806812e+04
3.067633833666272639e-02 1.738890735839363697e+04
3.095377258125486114e-02 1.728154375561462803e+04
3.123371591800876840e-02 1.717486541458173451e+04
3.151619103894462426e-02 1.706887995889022932e+04
3.180122084130734827e-02 1.696359432214600383e+04
3.208882842942262226e-02 1.685901470644830988e+04
3.237903711656973244e-02 1.675514653926772371e+04
3.267187042687131476e-02 1.665199442866641039e+04
3.296735209720019766e-02 1.654956211680619163e+04
3.326550607910352259e-02 1.644785231915138502e+04
3.356635654074421882e-02 1.634686593926978094e+04
3.386992786886006135e-02 1.624660243050804638e+04
3.417624467074045075e-02 1.614706009912396257e+04
3.448533177622105372e-02 1.604823604722863092e+04
3.479721423969651256e-02 1.595012611184270827e+04
3.511191734215130672e-02 1.585272480171311327e+04
3.542946659320905106e-02 1.575602523181780816e+04
3.574988773320025154e-02 1.566001905548430295e+04
3.607320673524882365e-02 1.556469639404514237e+04
3.639944980737743613e-02 1.547004576395143886e+04
3.672864339463194350e-02 1.537605511046793799e+04
3.706081418122499083e-02 1.528272615933754605e+04
3.739598909269899185e-02 1.519007112085734298e+04
3.773419529810875112e-02 1.509810210871569143e+04
3.807546021222371624e-02 1.500683086519256904e+04
3.841981149775023502e-02 1.491626873289979630e+04
3.876727706757385206e-02 1.482642662537081742e+04
3.911788508702192246e-02 1.473731499646121483e+04
3.947166397614668143e-02 1.464894380851993265e+04
3.982864241202894312e-02 1.456132249929009049e+04
4.018884933110263014e-02 1.447445981662178383e+04
4.055231393150039026e-02 1.438835918012906586e+04
4.091906567542032136e-02 1.430301713031778127e+04
4.128913429151419290e-02 1.421842855357808003e+04
4.166254977729721976e-02 1.413458697994806789e+04
4.203934240157964491e-02 1.405148451713158829e+04
4.241954270692029766e-02 1.396911178212438608e+04
4.280318151210236316e-02 1.388745783037192450e+04
4.319028991463154388e-02 1.380651008237998758e+04
4.358089929325677236e-02 1.372625424769662459e+04
4.397504131051377385e-02 1.364667424618174846e+04
4.437274791529160350e-02 1.356774775186177612e+04
4.477405134542242204e-02 1.348941905605906322e+04
4.517898413029462074e-02 1.341161489227305719e+04
4.558757909348969128e-02 1.333425704282493643e+04
4.599986935544285449e-02 1.325726219063762437e+04
4.641588833612777382e-02 1.318054171434133059e+04
4.683566975776557589e-02 1.310400147647895392e+04
4.725924764755833063e-02 1.302754160459808918e+04
4.768665634044731011e-02 1.295105626501002007e+04
4.811793048189609567e-02 1.287443366370062540e+04
4.855310503069897032e-02 1.279761866096336416e+04
4.899221526181464503e-02 1.272070241247586819e+04
4.943529676922558957e-02 1.264380251229922214e+04
4.988238546882330787e-02 1.256704272061047959e+04
5.033351760131960645e-02 1.249055319292726017e+04
5.078872973518427925e-02 1.241447071676772794e+04
5.124805876960931289e-02 1.233893895597121809e+04
5.171154193749989691e-02 1.226410870291127867e+04
5.217921680849251648e-02 1.219013813883958028e+04
5.265112129200031493e-02 1.211719310260622660e+04
5.312729364028600382e-02 1.204544714796612425e+04
5.360777245156256310e-02 1.197500626367151744e+04
5.409259667312199538e-02 1.190579245741651721e+04
5.458180560449236302e-02 1.183769324059516657e+04
5.507543890062337882e-02 1.177058855091460646e+04
5.557353657510081396e-02 1.170435044675140125e+04
5.607613900338996593e-02 1.163884279120360952e+04
5.658328692610854749e-02 1.157392092551990754e+04
5.709502145232881604e-02 1.150943133157776901e+04
5.761138406291025499e-02 1.144521128307285107e+04
5.813241661386168990e-02 1.138108853415618069e+04
5.865816133973422719e-02 1.131693140935773044e+04
5.918866085704471008e-02 1.125274826787080383e+04
5.972395816773021920e-02 1.118857446774638083e+04
6.026409666263374959e-02 1.112444703230645246e+04
6.080912012502146663e-02 1.106040470878280394e+04
6.135907273413175600e-02 1.099648802880166477e+04
6.191399906875633824e-02 1.093273937076922084e+04
6.247394411085379490e-02 1.086920302421445740e+04
6.303895324919581156e-02 1.080592525614750048e+04
6.360907228304631122e-02 1.074295437949330153e+04
6.418434742587397768e-02 1.068034077197883016e+04
6.476482530909821733e-02 1.061812478274164823e+04
6.535055298586910089e-02 1.055632015782137205e+04
6.594157793488149288e-02 1.049493679151547803e+04
6.653794806422358432e-02 1.043398446428055649e+04
6.713971171526031401e-02 1.037347282937062482e+04
6.774691766655194236e-02 1.031341139889405531e+04
6.835961513780788867e-02 1.025380952926903410e+04
6.897785379387658122e-02 1.019467640605672932e+04
6.960168374877115371e-02 1.013602102815092439e+04
7.023115556973169582e-02 1.007785224180734986e+04
7.086632028132422434e-02 1.002018544047777141e+04
7.150722936957665254e-02 9.963049791319655924e+03
7.215393478615222955e-02 9.906476970634561440e+03
7.280648895256074116e-02 9.850499641527710992e+03
7.346494476440769417e-02 9.795151481362989216e+03
7.412935559568208099e-02 9.740467209961885601e+03
7.479977530308275224e-02 9.686482618566444216e+03
7.547625823038410509e-02 9.633234599586898184e+03
7.615885921284104576e-02 9.580761177155123733e+03
7.684763358163397562e-02 9.529101538505714416e+03
7.754263716835387010e-02 9.478290077050500258e+03
7.824392630952796412e-02 9.428283933544898900e+03
7.895155785118633529e-02 9.378981894628333976e+03
7.966558915346982905e-02 9.330275136260468571e+03
8.038607809527957559e-02 9.282048028278923084e+03
8.111308307896872294e-02 9.234177864972802126e+03
8.184666303507638629e-02 9.186534586647614560e+03
8.258687742710454915e-02 9.138980491904125302e+03
8.333378625633819370e-02 9.091369940345564828e+03
8.408745006670888256e-02 9.043549045419293179e+03
8.484792994970244417e-02 8.995355357090233156e+03
8.561528754931102547e-02 8.946617543541628038e+03
8.638958506702985873e-02 8.897219908471863164e+03
8.717088526689938111e-02 8.847263216828223449e+03
8.795925148059269283e-02 8.796901774730809848e+03
8.875474761254931177e-02 8.746298598246490656e+03
8.955743814515515488e-02 8.695625746040157537e+03
9.036738814396948205e-02 8.645064662959530324e+03
9.118466326299902447e-02 8.594806534887011367e+03
9.200932975001985259e-02 8.545052655201940070e+03
9.284145445194744162e-02 8.496014803206562647e+03
9.368110482025517050e-02 8.447915634879489517e+03
9.452834891644189275e-02 8.400980546557595517e+03
9.538325541754902326e-02 8.355264771900296182e+03
9.624589362172736307e-02 8.310650870031271552e+03
9.711633345385446703e-02 8.267006692219167235e+03
9.799464547120259605e-02 8.224191667864803094e+03
9.888090086915811427e-02 8.182056469869234206e+03
9.977517148699251159e-02 8.140442668797899387e+03
1.006775298136856761e-01 8.099182375495603992e+03
1.015880489938017633e-01 8.058097871796995605e+03
1.025068028334182868e-01 8.017001228966649251e+03
1.034338658061087213e-01 7.975722974797838106e+03
1.043693130589793683e-01 7.934234052667136893e+03
1.053132204187606918e-01 7.892551971971984131e+03
1.062656643979537630e-01 7.850695223600442660e+03
1.072267222010323123e-01 7.808683296884740230e+03
1.081964717307009327e-01 7.766536716423634971e+03
1.091749915942097360e-01 7.724277080090191703e+03
1.101623611097262839e-01 7.681927098260696766e+03
1.111586603127649869e-01 7.639510634301442224e+03
1.121639699626748032e-01 7.597052746351270798e+03
1.131783715491855025e-01 7.554579942382685658e+03
1.142019472990131457e-01 7.512132278094264620e+03
1.152347801825253787e-01 7.469770708309419206e+03
1.162769539204669411e-01 7.427560906401904504e+03
1.173285529907459462e-01 7.385571861689491925e+03
1.183896626352817366e-01 7.343876001121721856e+03
1.194603688669144126e-01 7.302549314890813548e+03
1.205407584763770190e-01 7.261671486084128446e+03
1.216309190393307926e-01 7.221326024500044696e+03
1.227309389234639003e-01 7.181600404752702161e+03
1.238409072956545287e-01 7.142586208794642516e+03
1.249609141291986719e-01 7.104362126759673629e+03
1.260910502111033116e-01 7.066894738949064958e+03
1.272314071494455023e-01 7.030100101340130095e+03
1.283820773807981819e-01 6.993888684020932487e+03
1.295431541777228857e-01 6.958165289174047757e+03
1.307147316563304074e-01 6.922828826100318111e+03
1.318969047839098352e-01 6.887772078712323491e+03
1.330897693866265052e-01 6.852881465265529187e+03
1.342934221572895104e-01 6.818036790088294765e+03
1.355079606631897360e-01 6.783110987064887922e+03
1.367334833540084504e-01 6.747972927446091489e+03
1.379700895697976715e-01 6.712581217480735177e+03
1.392178795490325305e-01 6.677007357000720731e+03
1.404769544367365786e-01 6.641333458433799933e+03
1.417474162926804782e-01 6.605646123261430148e+03
1.430293680996549965e-01 6.570036611592232475e+03
1.443229137718186617e-01 6.534601017279870575e+03
1.456281581631209410e-01 6.499440448754049612e+03
1.469452070758017204e-01 6.464661215738217834e+03
1.482741672689674717e-01 6.430375022032644665e+03
1.496151464672451914e-01 6.396699164546746033e+03
1.509682533695143325e-01 6.363746760658336825e+03
1.523335976577179784e-01 6.331525015414666086e+03
1.537112900057535647e-01 6.299970759387612816e+03
1.551014420884440081e-01 6.269015504438215430e+03
1.565041665905900214e-01 6.238586271605634465e+03
1.579195772161042510e-01 6.208605411231084872e+03
1.593477886972280433e-01 6.178990417037795851e+03
1.607889168038315053e-01 6.149653733980411744e+03
1.622430783527978870e-01 6.120502559671775998e+03
1.637103912174925346e-01 6.091438639189347668e+03
1.651909743373176920e-01 6.062358053057710094e+03
1.666849477273535940e-01 6.033151118767346816e+03
1.681924324880868793e-01 6.003740994726864301e+03
1.697135508152269046e-01 5.974142294281765317e+03
1.712484260096107935e-01 5.944384884281756968e+03
1.727971824871981921e-01 5.914500301224364193e+03
1.743599457891562288e-01 5.884521814394873218e+03
1.759368425920359302e-01 5.854484491069203614e+03
1.775280007180405073e-01 5.824425263842398635e+03
1.791335491453864837e-01 5.794383000147336134e+03
1.807536180187587493e-01 5.764398574030024974e+03
1.823883386598593725e-01 5.734514940249913707e+03
1.840378435780535282e-01 5.704777144751833475e+03
1.857022664811097123e-01 5.675224224489211338e+03
1.873817422860384885e-01 5.645880777310354460e+03
1.890764071300284899e-01 5.616770532186445053e+03
1.907863983814817865e-01 5.587918190043066716e+03
1.925118546511487561e-01 5.559349456184443625e+03
1.942529158033639292e-01 5.531091073710677847e+03
1.960097229673831154e-01 5.503170857957034059e+03
1.977824185488233910e-01 5.475617731985223145e+03
1.995711462412063653e-01 5.448461763157449241e+03
2.013760510376058355e-01 5.421734200824887012e+03
2.031972792424008578e-01 5.395453948841623060e+03
2.050349784831351219e-01 5.369583156711735683e+03
2.068892977224834895e-01 5.344066268423724068e+03
2.087603872703267804e-01 5.318844204466138763e+03
2.106483987959359150e-01 5.293854221874073119e+03
2.125534853402659963e-01 5.269029769553581900e+03
2.144758013283617482e-01 5.244300338773701696e+03
2.164155025818751688e-01 5.219591308677351662e+03
2.183727463316962325e-01 5.194823786658034805e+03
2.203476912306980007e-01 5.169914443444725293e+03
2.223404973665968065e-01 5.144775350529042043e+03
2.243513262749290138e-01 5.119346075788636881e+03
2.263803409521448762e-01 5.093670216929309390e+03
2.284277058688209405e-01 5.067816134953313849e+03
2.304935869829919104e-01 5.041856032620682527e+03
2.325781517536031351e-01 5.015866100901190293e+03
2.346815691540846960e-01 4.989926670235270649e+03
2.368040096860482280e-01 4.964122366750554647e+03
2.389456453931078084e-01 4.938542273584919712e+03
2.411066498748254960e-01 4.913280097471423687e+03
2.432871983007834082e-01 4.888434340705385694e+03
2.454874674247826960e-01 4.864084182969142603e+03
2.477076355991711387e-01 4.840217600094805675e+03
2.499478827893002741e-01 4.816798116618567292e+03
2.522083905881132848e-01 4.793786716531723869e+03
2.544893422308647790e-01 4.771141739934107136e+03
2.567909226099736597e-01 4.748818776191871621e+03
2.591133182900105525e-01 4.726770553491369355e+03
2.614567175228204032e-01 4.704946824677665973e+03
2.638213102627821049e-01 4.683294249262859012e+03
2.662072881822062920e-01 4.661756271486135120e+03
2.686148446868717454e-01 4.640275011765078489e+03
2.710441749317031301e-01 4.618827122214583142e+03
2.734954758365899519e-01 4.597421705072357327e+03
2.759689461023486778e-01 4.576069409489412465e+03
2.784647862268295193e-01 4.554781330854668340e+03
2.809831985211684313e-01 4.533569025662736749e+03
2.835243871261863280e-01 4.512444526835459328e+03
2.860885580289369012e-01 4.491420359510474555e+03
2.886759190794033203e-01 4.470509557310458149e+03
2.912866800073468099e-01 4.449725679107032192e+03
2.939210524393069957e-01 4.429082760592760678e+03
2.965792499157564044e-01 4.408589729595604695e+03
2.992614879084095625e-01 4.388245740909023880e+03
3.019679838376893577e-01 4.368048648323212547e+03
3.046989570903508304e-01 4.347995960733447646e+03
3.074546290372644486e-01 4.328084825934016408e+03
3.102352230513604203e-01 4.308312013831401600e+03
3.130409645257352103e-01 4.288673899058251664e+03
3.158720808919213696e-01 4.269166442968986303e+03
3.187288016383235112e-01 4.249785174997485228e+03
3.216113583288200961e-01 4.230525163263202558e+03
3.245199846215340300e-01 4.211379743761810460e+03
3.274549162877728459e-01 4.192339197769972088e+03
3.304163912311399720e-01 4.173392793023672311e+03
3.334046495068192506e-01 4.154529029867812824e+03
3.364199333410335946e-01 4.135735609594709786e+03
3.394624871506797259e-01 4.116999401703683361e+03
3.425325575631402164e-01 4.098306410048227917e+03
3.456303934362752184e-01 4.079641737836165703e+03
3.487562458785946617e-01 4.060989551447245503e+03
3.519103682696128610e-01 4.042333153961804328e+03
3.550930162803871415e-01 4.023665902857689616e+03
3.583044478942428168e-01 4.005001222531699113e+03
3.615449234276847390e-01 3.986355414871065022e+03
3.648147055514984194e-01 3.967745585386929179e+03
3.681140593120422189e-01 3.949189672272372718e+03
3.714432521527314957e-01 3.930706476389304044e+03
3.748025539357177083e-01 3.912315692212112936e+03
3.781922369637629178e-01 3.894037939756796732e+03
3.816125760023127422e-01 3.875894797525094418e+03
3.850638483017685965e-01 3.857908836494025763e+03
3.885463336199613815e-01 3.840100146364428838e+03
3.920603142448283451e-01 3.822468761491916666e+03
3.956060750172954998e-01 3.805006743216839368e+03
3.991839033543662651e-01 3.787705466750276173e+03
4.027940892724195532e-01 3.770555603125395010e+03
4.064369254107181861e-01 3.753547089360501104e+03
4.101127070551300324e-01 3.736669097594794039e+03
4.138217321620637490e-01 3.719910003164737191e+03
4.175643013826208505e-01 3.703257351587948506e+03
4.213407180869664370e-01 3.686697824420586130e+03
4.251512883889199124e-01 3.670217203953141052e+03
4.289963211707686908e-01 3.653803223941669330e+03
4.328761281083057244e-01 3.637459565577528792e+03
4.367910236960937942e-01 3.621196015494919266e+03
4.407413252729583952e-01 3.605022764153795379e+03
4.447273530477107717e-01 3.588950411949577301e+03
4.487494301251040429e-01 3.572989982685559426e+03
4.528078825320236422e-01 3.557152937453879076e+03
4.569030392439150101e-01 3.541451188936892777e+03
4.610352322114501522e-01 3.525897116141253264e+03
4.652047963874351155e-01 3.510503579577208711e+03
4.694120697539612141e-01 3.495283936896113119e+03
4.736573933498017253e-01 3.480250069211013852e+03
4.779411112980559428e-01 3.465399469536749166e+03
4.822635708340439198e-01 3.450722566955862476e+03
4.866251223334528975e-01 3.436209002602627152e+03
4.910261193407385871e-01 3.421847627340029703e+03
4.954669185977833012e-01 3.407626468819256388e+03
4.999478800728132111e-01 3.393532697412969355e+03
5.044693669895770061e-01 3.379552590987268559e+03
5.090317458567886755e-01 3.365671498476243414e+03
5.136353864978364658e-01 3.351873802221899496e+03
5.182806620807605125e-01 3.338142879041187825e+03
5.229679491485015319e-01 3.324461633936054113e+03
5.276976276494231843e-01 3.310822751122208956e+03
5.324700809681104374e-01 3.297228124225492593e+03
5.372856959564464852e-01 3.283679989844763895e+03
5.421448629649705531e-01 3.270180605073435345e+03
5.470479758745198096e-01 3.256732246783505616e+03
5.519954321281567156e-01 3.243337210861916901e+03
5.569876327633855873e-01 3.229997811397401165e+03
5.620249824446605924e-01 3.216716379815884920e+03
5.671078894961878447e-01 3.203495263962465287e+03
5.722367659350220404e-01 3.190336827127928245e+03
5.774120275044671846e-01 3.177243427515233634e+03
5.826340937077747473e-01 3.164216334232075496e+03
5.879033878421484616e-01 3.151255084661199362e+03
5.932203370330565440e-01 3.138358930519475962e+03
5.985853722688545542e-01 3.125526964190411945e+03
6.039989284357206722e-01 3.112758111002602163e+03
6.094614443529072778e-01 3.100051121228190368e+03
6.149733628083116077e-01 3.087404561792334789e+03
6.205351305943677120e-01 3.074816807684442665e+03
6.261471985442630395e-01 3.062286033061649050e+03
6.318100215684827603e-01 3.049810202034701433e+03
6.375240586916847141e-01 3.037387081336396477e+03
6.432897730899070909e-01 3.025015293175084025e+03
6.491076321281139538e-01 3.012694843415702508e+03
6.549781073980787127e-01 3.000425756642035594e+03
6.609016747566117678e-01 2.988207956435256619e+03
6.668788143641326549e-01 2.976041260068666361e+03
6.729100107235915784e-01 2.963925373004764424e+03
6.789957527197432174e-01 2.951859883188233198e+03
6.851365336587750265e-01 2.939844255128235545e+03
6.913328513082944715e-01 2.927877823763185916e+03
6.975852079376779757e-01 2.915959788100992228e+03
7.038941103587839088e-01 2.904089455129282214e+03
7.102600699670350570e-01 2.892268535537969456e+03
7.166836027828716871e-01 2.880500217917310238e+03
7.231652294935798642e-01 2.868787784594332152e+03
7.297054754954981348e-01 2.857134596067474831e+03
7.363048709366053490e-01 2.845544092525860378e+03
7.429639507594949510e-01 2.834019795395188794e+03
7.496832547447362938e-01 2.822565308910680415e+03
7.564633275546290836e-01 2.811184321717476450e+03
4.2 1.59e+03